{
  "variants": {
    "easy_2mod_xor": {
      "coi_matrix": [
        [
          0.0,
          -0.207563,
          -0.174015,
          -0.207125,
          -0.18525,
          0.00693,
          0.010538,
          0.01066,
          0.014078,
          0.012505
        ],
        [
          -0.207563,
          0.0,
          -0.218672,
          -0.204109,
          -0.219,
          0.011071,
          0.01439,
          0.006434,
          0.008081,
          0.00722
        ],
        [
          -0.174015,
          -0.218672,
          0.0,
          -0.206781,
          -0.183194,
          0.008831,
          0.00587,
          0.011905,
          0.009333,
          0.005588
        ],
        [
          -0.207125,
          -0.204109,
          -0.206781,
          0.0,
          -0.234546,
          0.006953,
          0.010941,
          0.012514,
          0.01599,
          0.018742
        ],
        [
          -0.18525,
          -0.219,
          -0.183194,
          -0.234546,
          0.0,
          0.011243,
          0.007031,
          0.003604,
          0.010803,
          0.007561
        ],
        [
          0.00693,
          0.011071,
          0.008831,
          0.006953,
          0.011243,
          0.0,
          -0.191312,
          -0.195245,
          -0.211883,
          -0.228921
        ],
        [
          0.010538,
          0.01439,
          0.00587,
          0.010941,
          0.007031,
          -0.191312,
          0.0,
          -0.198557,
          -0.21059,
          -0.195346
        ],
        [
          0.01066,
          0.006434,
          0.011905,
          0.012514,
          0.003604,
          -0.195245,
          -0.198557,
          0.0,
          -0.199563,
          -0.167964
        ],
        [
          0.014078,
          0.008081,
          0.009333,
          0.01599,
          0.010803,
          -0.211883,
          -0.21059,
          -0.199563,
          0.0,
          -0.204787
        ],
        [
          0.012505,
          0.00722,
          0.005588,
          0.018742,
          0.007561,
          -0.228921,
          -0.195346,
          -0.167964,
          -0.204787,
          0.0
        ]
      ],
      "mi_individual": [
        0.205244,
        0.223465,
        0.178035,
        0.231056,
        0.212319,
        0.164238,
        0.188225,
        0.16955,
        0.240539,
        0.176741
      ],
      "meta": {
        "n_features": 10,
        "ground_truth_modules": [
          [
            0,
            1,
            2,
            3,
            4
          ],
          [
            5,
            6,
            7,
            8,
            9
          ]
        ],
        "redundant_pairs": [],
        "noise_features": []
      }
    },
    "medium_4mod_mixed": {
      "coi_matrix": [
        [
          0.0,
          -0.113008,
          -0.099212,
          0.037041,
          0.028284,
          0.040541,
          0.025335,
          0.043601,
          0.035738,
          0.040398,
          0.035479,
          0.009378
        ],
        [
          -0.113008,
          0.0,
          -0.105871,
          0.036758,
          0.046386,
          0.036577,
          0.02371,
          0.020877,
          0.030295,
          0.032739,
          0.030648,
          0.033725
        ],
        [
          -0.099212,
          -0.105871,
          0.0,
          0.015852,
          0.029397,
          0.019452,
          0.019051,
          0.02396,
          0.032808,
          0.044546,
          0.011431,
          0.02468
        ],
        [
          0.037041,
          0.036758,
          0.015852,
          0.0,
          -0.114731,
          -0.099073,
          0.035318,
          0.015766,
          0.043284,
          0.03211,
          0.032433,
          0.02223
        ],
        [
          0.028284,
          0.046386,
          0.029397,
          -0.114731,
          0.0,
          -0.114732,
          0.033315,
          0.037619,
          0.024862,
          0.028672,
          0.028627,
          0.033451
        ],
        [
          0.040541,
          0.036577,
          0.019452,
          -0.099073,
          -0.114732,
          0.0,
          0.037324,
          0.039616,
          0.032096,
          0.038998,
          0.020473,
          0.028875
        ],
        [
          0.025335,
          0.02371,
          0.019051,
          0.035318,
          0.033315,
          0.037324,
          0.0,
          -0.110064,
          -0.123559,
          0.043333,
          0.023308,
          0.0226
        ],
        [
          0.043601,
          0.020877,
          0.02396,
          0.015766,
          0.037619,
          0.039616,
          -0.110064,
          0.0,
          -0.119201,
          0.031821,
          0.037599,
          0.030103
        ],
        [
          0.035738,
          0.030295,
          0.032808,
          0.043284,
          0.024862,
          0.032096,
          -0.123559,
          -0.119201,
          0.0,
          0.041961,
          0.037711,
          0.037576
        ],
        [
          0.040398,
          0.032739,
          0.044546,
          0.03211,
          0.028672,
          0.038998,
          0.043333,
          0.031821,
          0.041961,
          0.0,
          -0.128369,
          -0.108125
        ],
        [
          0.035479,
          0.030648,
          0.011431,
          0.032433,
          0.028627,
          0.020473,
          0.023308,
          0.037599,
          0.037711,
          -0.128369,
          0.0,
          -0.13414
        ],
        [
          0.009378,
          0.033725,
          0.02468,
          0.02223,
          0.033451,
          0.028875,
          0.0226,
          0.030103,
          0.037576,
          -0.108125,
          -0.13414,
          0.0
        ]
      ],
      "mi_individual": [
        0.129136,
        0.159263,
        0.148246,
        0.110749,
        0.120429,
        0.147987,
        0.115774,
        0.142767,
        0.160036,
        0.133197,
        0.145943,
        0.139985
      ],
      "meta": {
        "n_features": 12,
        "ground_truth_modules": [
          [
            0,
            1,
            2
          ],
          [
            3,
            4,
            5
          ],
          [
            6,
            7,
            8
          ],
          [
            9,
            10,
            11
          ]
        ],
        "redundant_pairs": [],
        "noise_features": []
      }
    },
    "hard_4mod_unequal": {
      "coi_matrix": [
        [
          0.0,
          -0.090249,
          -0.083389,
          -0.084165,
          0.023247,
          0.024578,
          0.022689,
          0.02145,
          0.016316,
          0.016799,
          0.01753,
          -0.0075,
          -0.012314,
          -0.035577
        ],
        [
          -0.090249,
          0.0,
          -0.073499,
          -0.078067,
          0.009886,
          0.023228,
          0.013794,
          0.028707,
          0.017356,
          0.028176,
          0.013756,
          0.004159,
          -0.011558,
          -0.011358
        ],
        [
          -0.083389,
          -0.073499,
          0.0,
          -0.0942,
          0.021412,
          0.011458,
          0.022678,
          0.020193,
          0.021613,
          0.005523,
          0.029666,
          -0.008676,
          -0.000794,
          0.001006
        ],
        [
          -0.084165,
          -0.078067,
          -0.0942,
          0.0,
          0.01516,
          0.012304,
          0.024283,
          0.016282,
          0.022827,
          0.035296,
          0.017568,
          0.000313,
          0.016042,
          0.007536
        ],
        [
          0.023247,
          0.009886,
          0.021412,
          0.01516,
          0.0,
          -0.075877,
          -0.08462,
          0.008379,
          0.018137,
          0.023147,
          0.011034,
          -0.009092,
          -0.01306,
          0.019887
        ],
        [
          0.024578,
          0.023228,
          0.011458,
          0.012304,
          -0.075877,
          0.0,
          -0.069804,
          0.018283,
          0.01886,
          0.024195,
          0.032316,
          0.011741,
          0.001163,
          0.025729
        ],
        [
          0.022689,
          0.013794,
          0.022678,
          0.024283,
          -0.08462,
          -0.069804,
          0.0,
          0.01332,
          0.023477,
          0.021032,
          0.017976,
          -0.005929,
          -0.00035,
          -0.001808
        ],
        [
          0.02145,
          0.028707,
          0.020193,
          0.016282,
          0.008379,
          0.018283,
          0.01332,
          0.0,
          -0.085021,
          0.019148,
          0.023692,
          -0.003404,
          -0.010945,
          -0.002793
        ],
        [
          0.016316,
          0.017356,
          0.021613,
          0.022827,
          0.018137,
          0.01886,
          0.023477,
          -0.085021,
          0.0,
          0.009616,
          0.020986,
          -0.007188,
          0.011442,
          0.000331
        ],
        [
          0.016799,
          0.028176,
          0.005523,
          0.035296,
          0.023147,
          0.024195,
          0.021032,
          0.019148,
          0.009616,
          0.0,
          -0.085093,
          0.007288,
          -0.014952,
          0.020692
        ],
        [
          0.01753,
          0.013756,
          0.029666,
          0.017568,
          0.011034,
          0.032316,
          0.017976,
          0.023692,
          0.020986,
          -0.085093,
          0.0,
          0.005354,
          0.012909,
          -0.004994
        ],
        [
          -0.0075,
          0.004159,
          -0.008676,
          0.000313,
          -0.009092,
          0.011741,
          -0.005929,
          -0.003404,
          -0.007188,
          0.007288,
          0.005354,
          0.0,
          0.016111,
          0.007413
        ],
        [
          -0.012314,
          -0.011558,
          -0.000794,
          0.016042,
          -0.01306,
          0.001163,
          -0.00035,
          -0.010945,
          0.011442,
          -0.014952,
          0.012909,
          0.016111,
          0.0,
          0.016386
        ],
        [
          -0.035577,
          -0.011358,
          0.001006,
          0.007536,
          0.019887,
          0.025729,
          -0.001808,
          -0.002793,
          0.000331,
          0.020692,
          -0.004994,
          0.007413,
          0.016386,
          0.0
        ]
      ],
      "mi_individual": [
        0.11972,
        0.109255,
        0.085386,
        0.093036,
        0.100872,
        0.096878,
        0.075012,
        0.114877,
        0.116215,
        0.099588,
        0.097077,
        0.009837,
        0.007332,
        0.018115
      ],
      "meta": {
        "n_features": 14,
        "ground_truth_modules": [
          [
            0,
            1,
            2,
            3
          ],
          [
            4,
            5,
            6
          ],
          [
            7,
            8
          ],
          [
            9,
            10
          ]
        ],
        "redundant_pairs": [],
        "noise_features": [
          11,
          12,
          13
        ]
      }
    },
    "highdim_8mod": {
      "coi_matrix": [
        [
          0.0,
          -0.043405,
          -0.035954,
          -0.01523,
          -0.018918,
          -0.023936,
          -0.016315,
          -0.01641,
          -0.016882,
          -0.011076,
          -0.02163,
          -0.026913,
          -0.025932,
          -0.017298,
          -0.021621,
          -0.009372,
          -0.021578,
          -0.024115,
          -0.019777,
          -0.020533
        ],
        [
          -0.043405,
          0.0,
          -0.052933,
          -0.012642,
          -0.010525,
          -0.017033,
          -0.026584,
          -0.015796,
          -0.028135,
          -0.021443,
          -0.019388,
          -0.019526,
          -0.019981,
          -0.024499,
          -0.020591,
          -0.021463,
          -0.01171,
          -0.02099,
          -0.019977,
          -0.009687
        ],
        [
          -0.035954,
          -0.052933,
          0.0,
          -0.014158,
          -0.012548,
          -0.013219,
          -0.024768,
          -0.012179,
          -0.014959,
          -0.013198,
          -0.022168,
          -0.017888,
          -0.021415,
          -0.021105,
          -0.032585,
          -0.025365,
          -0.012269,
          -0.01963,
          -0.033918,
          -0.032009
        ],
        [
          -0.01523,
          -0.012642,
          -0.014158,
          0.0,
          -0.042823,
          -0.048781,
          -0.023259,
          -0.019913,
          -0.015859,
          -0.018364,
          -0.023369,
          -0.015813,
          -0.02218,
          -0.021528,
          -0.00919,
          -0.02247,
          -0.025987,
          -0.020509,
          -0.017495,
          -0.027923
        ],
        [
          -0.018918,
          -0.010525,
          -0.012548,
          -0.042823,
          0.0,
          -0.050756,
          -0.017161,
          -0.022305,
          -0.013886,
          -0.019336,
          -0.019992,
          -0.011162,
          -0.029044,
          -0.025911,
          -0.022181,
          -0.026895,
          -0.029601,
          -0.024572,
          -0.014872,
          -0.024801
        ],
        [
          -0.023936,
          -0.017033,
          -0.013219,
          -0.048781,
          -0.050756,
          0.0,
          -0.013819,
          -0.018896,
          -0.014224,
          -0.034705,
          -0.028506,
          -0.027122,
          -0.025165,
          -0.005255,
          -0.031449,
          -0.020701,
          -0.019108,
          -0.017803,
          -0.016203,
          -0.020064
        ],
        [
          -0.016315,
          -0.026584,
          -0.024768,
          -0.023259,
          -0.017161,
          -0.013819,
          0.0,
          -0.047837,
          -0.04969,
          -0.028258,
          -0.021897,
          -0.017808,
          -0.008397,
          -0.008237,
          -0.027935,
          -0.022917,
          -0.024274,
          -0.025277,
          -0.021116,
          -0.024281
        ],
        [
          -0.01641,
          -0.015796,
          -0.012179,
          -0.019913,
          -0.022305,
          -0.018896,
          -0.047837,
          0.0,
          -0.049448,
          -0.016322,
          -0.020846,
          -0.010809,
          -0.027368,
          -0.025559,
          -0.017479,
          -0.020614,
          -0.00631,
          -0.018215,
          -0.03591,
          -0.028268
        ],
        [
          -0.016882,
          -0.028135,
          -0.014959,
          -0.015859,
          -0.013886,
          -0.014224,
          -0.04969,
          -0.049448,
          0.0,
          -0.013955,
          -0.02154,
          -0.015499,
          -0.01109,
          -0.02635,
          -0.023903,
          -0.024045,
          -0.014679,
          -0.022934,
          -0.030864,
          -0.033499
        ],
        [
          -0.011076,
          -0.021443,
          -0.013198,
          -0.018364,
          -0.019336,
          -0.034705,
          -0.028258,
          -0.016322,
          -0.013955,
          0.0,
          -0.052042,
          -0.056991,
          -0.027172,
          -0.01205,
          -0.025405,
          -0.016856,
          -0.023297,
          -0.026737,
          -0.01984,
          -0.016577
        ],
        [
          -0.02163,
          -0.019388,
          -0.022168,
          -0.023369,
          -0.019992,
          -0.028506,
          -0.021897,
          -0.020846,
          -0.02154,
          -0.052042,
          0.0,
          -0.057718,
          -0.020267,
          -0.012257,
          -0.015628,
          -0.02346,
          -0.027105,
          -0.019481,
          -0.016291,
          -0.010689
        ],
        [
          -0.026913,
          -0.019526,
          -0.017888,
          -0.015813,
          -0.011162,
          -0.027122,
          -0.017808,
          -0.010809,
          -0.015499,
          -0.056991,
          -0.057718,
          0.0,
          -0.017534,
          -0.015305,
          -0.016643,
          -0.016603,
          -0.018038,
          -0.024755,
          -0.012338,
          -0.026008
        ],
        [
          -0.025932,
          -0.019981,
          -0.021415,
          -0.02218,
          -0.029044,
          -0.025165,
          -0.008397,
          -0.027368,
          -0.01109,
          -0.027172,
          -0.020267,
          -0.017534,
          0.0,
          -0.046734,
          -0.009898,
          -0.023186,
          -0.022473,
          -0.030846,
          -0.014196,
          -0.010899
        ],
        [
          -0.017298,
          -0.024499,
          -0.021105,
          -0.021528,
          -0.025911,
          -0.005255,
          -0.008237,
          -0.025559,
          -0.02635,
          -0.01205,
          -0.012257,
          -0.015305,
          -0.046734,
          0.0,
          -0.013731,
          -0.019592,
          -0.021029,
          -0.029356,
          -0.024781,
          -0.018188
        ],
        [
          -0.021621,
          -0.020591,
          -0.032585,
          -0.00919,
          -0.022181,
          -0.031449,
          -0.027935,
          -0.017479,
          -0.023903,
          -0.025405,
          -0.015628,
          -0.016643,
          -0.009898,
          -0.013731,
          0.0,
          -0.051384,
          -0.024352,
          -0.023771,
          -0.009562,
          -0.022893
        ],
        [
          -0.009372,
          -0.021463,
          -0.025365,
          -0.02247,
          -0.026895,
          -0.020701,
          -0.022917,
          -0.020614,
          -0.024045,
          -0.016856,
          -0.02346,
          -0.016603,
          -0.023186,
          -0.019592,
          -0.051384,
          0.0,
          -0.015353,
          -0.020231,
          -0.014004,
          -0.019416
        ],
        [
          -0.021578,
          -0.01171,
          -0.012269,
          -0.025987,
          -0.029601,
          -0.019108,
          -0.024274,
          -0.00631,
          -0.014679,
          -0.023297,
          -0.027105,
          -0.018038,
          -0.022473,
          -0.021029,
          -0.024352,
          -0.015353,
          0.0,
          -0.05298,
          -0.015225,
          -0.022683
        ],
        [
          -0.024115,
          -0.02099,
          -0.01963,
          -0.020509,
          -0.024572,
          -0.017803,
          -0.025277,
          -0.018215,
          -0.022934,
          -0.026737,
          -0.019481,
          -0.024755,
          -0.030846,
          -0.029356,
          -0.023771,
          -0.020231,
          -0.05298,
          0.0,
          -0.020297,
          -0.020693
        ],
        [
          -0.019777,
          -0.019977,
          -0.033918,
          -0.017495,
          -0.014872,
          -0.016203,
          -0.021116,
          -0.03591,
          -0.030864,
          -0.01984,
          -0.016291,
          -0.012338,
          -0.014196,
          -0.024781,
          -0.009562,
          -0.014004,
          -0.015225,
          -0.020297,
          0.0,
          -0.049957
        ],
        [
          -0.020533,
          -0.009687,
          -0.032009,
          -0.027923,
          -0.024801,
          -0.020064,
          -0.024281,
          -0.028268,
          -0.033499,
          -0.016577,
          -0.010689,
          -0.026008,
          -0.010899,
          -0.018188,
          -0.022893,
          -0.019416,
          -0.022683,
          -0.020693,
          -0.049957,
          0.0
        ]
      ],
      "mi_individual": [
        0.06123,
        0.068457,
        0.069962,
        0.066676,
        0.05173,
        0.067154,
        0.056271,
        0.059961,
        0.06261,
        0.053474,
        0.044468,
        0.060963,
        0.056624,
        0.046669,
        0.065083,
        0.058705,
        0.062385,
        0.062331,
        0.049105,
        0.05581
      ],
      "meta": {
        "n_features": 20,
        "ground_truth_modules": [
          [
            0,
            1,
            2
          ],
          [
            3,
            4,
            5
          ],
          [
            6,
            7,
            8
          ],
          [
            9,
            10,
            11
          ],
          [
            12,
            13
          ],
          [
            14,
            15
          ],
          [
            16,
            17
          ],
          [
            18,
            19
          ]
        ],
        "redundant_pairs": [],
        "noise_features": []
      }
    }
  }
}